
21225103251
ABUBAKAR
7
01914008749

212251032444
ANIM
7
01876604760

21225103245
MAIHNALOM
7
01548269874

21225103211
RAHUL
7
01516411541

21225103002
BIZOY
7
01764125459

21225103006
ARIF
1
0178956123

21225103009
REDWAN
1
0174562392

21225100191
SHAMS
1
01784912345

212251032221
ASIF
1
0191408749

21225103414
SHANTO
2
01918199434

21225103413
SHAMSU
2
01786231592

21225103246
ZAHID
2
01784561231

21225103069
ISRAT
3
01818063131

21225103045
SAKIB
3
01745892311

21225103046
RAKIB
3
01876604760

21225103099
RAFSAN
3
0689370111

2122510112
NAEEM
4
01914008749

21225103279
NAHID
4
01764125459

2122510225
PARVEJ
4
01571244834

21225103313
AFNAN
5
01784612546

21225103198
SHOMRAT
5
01745698136

21225103278
AMIN
5
01571244834

21225103741
TUSHAR
5
01876604760

21225103445
SHORON
5
01689370111

21225103514
LIYA
6
01784513641

21225103516
JANNAT
6
01914008949

21225103453
MIJAN
6
01781541232

21225103789
RASEL
6
01764125459

21251031561
FARDIN
8
01894512359

21225103249
OPI
8
01781164441

21225103456
HEMEL
5
01914008749

21224591346
FAYSAL
7
01876604760

21225103257
AKIB
1
01876604760

21225103311
NAKIB
2
01571244834

21225103312
RAKIB
3
01874961351

21225103144
NAEEM
4
01764125459

21225103078
RONY
5
01775486412

21225103456
AKKAS
0
ALI

21225103245
DHRUVO
6
01914008749

21225103789
SHANTO
7
01876604760

21225103148
ZAHIR
8
01818063131

21225103178
AFIYA
1
01689370111

21225103564
SHIRIN
2
01874611244

21225103123
MARIA
3
01974799699

21225103173
FATEMA
4
01987745612

21225103178
ORTHI
5
01789451314

21225103179
ALIAKBOR
6
01784561546

21225103478
ALOM
7
01784611545

21225103111
NAHID
8
01784645613

21225103222
SHOHAG
1
01784613454

21225103444
AMIN
2
01689370111

21225103555
ASHIS
3
01784569164

21225103666
ANIK
4
01854641564

21225103777
HIROK
5
01784464461

21225103888
PROSHANTO
6
01914008749

21225103122
NOMAN
7
01784642141

21225103458
ZAHIR
8
01784613441

21251037846
DHAWAN
1
01784641465

21225103789
VIKKY
2
01879464615

21225103147
ARIYAN
3
01784914641
